layerbi space, 1/2, 1/2, 0, 0

# sprite 50, 2, 0, 2, 0, 50

rwave 370,101,0,0,0,64
20,0,0,0
20,0,0,0
20,0,0,0
20,0,0,0
end

rwave 100,101,0,0,0,144
20,0,0,0
20,0,0,0
20,0,0,0
20,0,0,0
end

rwave 100,101,0,1,0,32
20,1,0,0
20,1,0,0
20,1,0,0
20,1,0,0
end

rwave 60,101,0,2,0,176
20,2,0,0
20,2,0,0
20,2,0,0
20,2,0,0
end

rwave 200,102,0,1,0,136
25,1,0,0
25,1,0,0
25,1,0,0
end

rwave 175,102,0,1,0,56
25,0,0,0
25,0,0,0
25,0,0,0
end

rwave 125,103,0,3,-64,208
75,3,-64,0
75,3,-64,0
75,3,-64,0
end

rwave 150,103,0,2,-64,-24
75,2,-64,-24
75,2,-64,-24
75,2,-64,-24
end

sprite 300,104,0,0,0,80

rwave 64,101,0,1,0,96
20,1,0,0
20,1,0,0
20,1,0,0
20,1,0,0
end

sprite 32,104,0,0,0,168

sprite 96,104,0,0,0,48
rwave 128,101,0,1,0,176
20,1,0,0
20,1,0,0
20,1,0,0
20,1,0,0
end
sprite 64,104,0,0,0,144
sprite 32,104,0,0,0,96
